Net (nilai linear):
[[-23.4607,  -8.6682,  -0.0357,   2.1407,   5.537 ,  -4.24  ,  -3.7832,
    7.1241,   6.2279,  20.2259]]

fnet (hasil softmax):
[[1.0645e-19, 2.8277e-13, 1.5868e-09, 1.3985e-08, 4.1752e-07, 2.3692e-11,
  3.7410e-11, 2.0414e-06, 8.3317e-07, 1.0000e+00]]

Weight:
[[-0.0116, -0.0007, -0.0115, ..., -0.0018,  0.0088, -0.0331],
 [-0.0028,  0.0014, -0.0028, ...,  0.0039, -0.006 ,  0.0015],
 [ 0.0002, -0.0022,  0.0013, ...,  0.0054,  0.0072, -0.0108],
 ...,
 [ 0.0019,  0.0054,  0.0041, ..., -0.0122,  0.003 ,  0.0127],
 [ 0.0015, -0.0094,  0.0007, ...,  0.0165, -0.0035,  0.0006],
 [-0.0116,  0.0021,  0.0108, ...,  0.0084,  0.0015,  0.0082]]

Bias:
[[-0.0276,  0.0076,  0.0062,  0.0012,  0.0027,  0.0394, -0.0108,  0.0154,
  -0.0449,  0.0109]]
