Net (nilai linear):
[[-13.7693,  -7.8438,  -2.4143,   0.8997,   3.8056,  -5.1179,  -4.4183,
    5.2091,   4.6055,  17.3385]]

fnet (hasil softmax):
[[3.0906e-14, 1.1573e-11, 2.6391e-09, 7.2561e-08, 1.3265e-06, 1.7672e-10,
  3.5571e-10, 5.3980e-06, 2.9519e-06, 9.9999e-01]]

Weight:
[[ 0.0044,  0.0082,  0.0154, ..., -0.0122,  0.0045,  0.0031],
 [ 0.0233, -0.0067,  0.0025, ...,  0.0174,  0.003 ,  0.0061],
 [-0.0013,  0.0022, -0.0021, ..., -0.0162,  0.0017, -0.0021],
 ...,
 [ 0.0002,  0.0166, -0.0019, ...,  0.0219,  0.0259, -0.0131],
 [-0.0081, -0.0032,  0.0075, ...,  0.0004, -0.0009, -0.0085],
 [ 0.0051,  0.0018,  0.008 , ...,  0.0122,  0.0264,  0.0141]]

Bias:
[[-0.0161,  0.0077,  0.0026, -0.002 ,  0.0026,  0.034 , -0.0082,  0.0163,
  -0.0435,  0.0067]]
